21.2628487518355
21.8404307391092
23.2843857072932
25.5947136563877
28.4826235927558
33.2958068200359
38.3977810409529
39.3604176864089
46.0026105400555
54.2812856909773
56.6878773046174
69.6834720182738
74.2078642519171
77.7696198401044
88.7436775983031
93.9419154837657
114.831130690162
128.115516397455
149.293522597487
159.978789362049
163.059226627509
169.412628487518
185.681187795725
196.751509218470
200.698319464839
209.554576603035
215.234132811225
221.298743677598
225.630608582150
233.620492739435
238.914994289444
244.594550497634
249.311470060369
254.413444281286
259.322891173111
263.269701419481
269.815630608582
274.147495513134
278.190569424050
282.907488986784
286.276717245880
290.416054821341
295.229238048621
304.470549844999
311.882852015011
318.043726545929
320.257790830478
330.654266601403
337.007668461413
343.746124979605
349.329417523250
354.623919073258
363.961494534182
368.582150432371
377.149616576929
391.011584271496
402.178169358786
408.627834883341
414.114863762441
420.179474628814
424.222548539729
431.634850709741
436.833088595203
442.223853809757
445.111763746125
445.496818404307
448.288464676130
450.502528960679
452.331538587045
455.219448523413
459.358786098874
463.690651003426
467.541197585250
469.081416217980
472.643171806167
477.071300375265
480.633055963452
481.980747267091
488.045358133464
491.318322728014
494.302496328928
494.976341980747
496.324033284386
500.270843530755
501.233480176211
504.025126448034
507.683145700767
510.763582966226
513.651492902594
517.309512155327
520.293685756241
522.315222711699
524.336759667156
528.283569913526
533.000489476260
537.428618045358
548.980257790830
561.302006852668
565.056289769946
566.403981073585
578.148148148148
582.961331375428
589.796051558166
594.512971120901
599.903736335454