-0.0237416904083574
-0.796533713200379
-1.25356125356125
-1.69396961063628
-2.10113960113960
-2.44183285849953
-2.74097815764483
-3.04843304843305
-3.24786324786325
-3.38912630579297
-3.44729344729345
-3.53869895536562
-3.69658119658120
-3.60517568850902
-3.54700854700855
-3.51377018043685
-3.49715099715100
-3.39743589743590
-3.39743589743590
-3.42236467236467
-3.53869895536562
-3.81291547958214
-3.97079772079772
-4.05389363722697
-4.15360873694207
-4.22839506172840
-4.25332383665717
-3.72981956315290
-3.33095916429250
-2.42521367521368
-1.62749287749288
-1.07905982905983
-0.306267806267808
0.632716049382715
1.39719848053181
1.87915479582146
3.10066476733143
3.59093067426400
4.53822412155746
5.46889838556505
6.53252611585945
6.14197530864197
5.70987654320988
4.69610636277303
4.30555555555555
3.99810066476733
3.92331433998100
3.92331433998100
3.98979107312440
3.99810066476733
4.15598290598291
4.25569800569801
4.22245963912631
4.17260208926876
4.11443494776828
3.91500474833808
3.82359924026591
3.70726495726496
3.59924026590693
3.47459639126306
3.33333333333333
3.30840455840456
3.24192782526116
3.27516619183286
3.16714150047483
3.15052231718898
3.17545109211776
3.15883190883191
3.04249762583096
2.86799620132954
2.21153846153846
1.94563152896486
1.41381766381766
1.23931623931624
1.06481481481482
0.906932573599239
0.898622981956315
0.773979107312439
0.732431149097817