19.5050656037203
19.8970270719150
21.4648729446936
21.3668825776449
23.3266899186182
25.8744394618834
29.2061119415380
32.5377844211925
35.7714665337984
40.7689752532802
46.1584454409566
52.2338481979738
68.1082876598572
75.9475170237502
83.1008138183026
100.935060621159
108.186347782760
113.183856502242
117.593423019432
134.839727619997
141.503072579306
154.535791396778
162.766982228866
174.819797375851
182.952997840890
191.674140508221
195.789735924265
200.297292808504
213.525992360073
221.267231356917
228.518518518519
231.262248795881
238.415545590434
241.943198804185
244.784919448597
248.312572662348
253.408071748879
257.131705696728
262.717156618502
265.558877262913
272.418202956320
276.337817638266
279.375519016775
282.413220395283
284.275037369208
285.352931406743
287.802690582960
291.918285999004
298.973592426507
303.677130044843
307.106792891546
310.536455738250
316.513868128218
319.551569506726
329.252615844544
336.111941537950
341.403421358578
346.792891546255
352.868294303272
355.808005314732
360.315562198970
364.529147982063
369.428666334496
370.506560372031
374.622155788075
378.443780102973
383.049327354260
388.144826440791
393.044344793224
396.082046171732
405.195150307258
409.996678292642
418.227869124730
424.009300780601
430.770636106959
434.298289320711
435.866135193489
437.629961800365
441.647566849361
443.117422355091
446.351104467696
449.976748048497
454.484304932735
462.225543929580
469.084869622986
476.826108619831
481.725626972264
486.429164590600
488.878923766816
491.916625145325
492.406576980568
495.738249460223
497.894037535293
499.951835243315
504.263411393456
505.243315063943
508.966949011792
512.592592592593
516.316226540442
523.567513702043
533.268560039861
544.831423351603
561.489785749875
575.110446769640
579.030061451586
589.809001826939
593.728616508886
600.097990367049