0.318292091217856
-0.0545851528384276
-0.441533236293061
-0.540029112081516
-0.877729257641921
-1.14507520621058
-1.33503153808831
-1.45463367297429
-1.51795245026686
-1.51795245026686
-1.53905870936439
-1.52498786996604
-1.51795245026686
-1.45463367297429
-1.38427947598253
-1.32096069868996
-1.20135856380398
-1.08879184861718
-1.06065016982048
-1.07472100921883
-1.06768558951965
-1.19432314410480
-1.32096069868996
-1.59534206695779
-1.64459000485201
-1.63755458515284
-1.58127122755944
-1.44759825327511
-0.575206210577392
-0.0686559922367778
0.395681707908782
0.712275594371665
1.85201358563804
2.62590975254731
3.23799126637555
4.11038330907327
4.96166909267346
5.36268801552644
5.89034449296458
5.95366327025716
5.45414847161572
5.01795245026686
4.79985443959243
5.03202328966521
5.40490053372150
5.66521106259098
6.17879670063076
6.65720524017467
6.70645317806890
6.91048034934498
7.18486171761281
7.45924308588064
7.78990781174187
7.93765162542455
7.93765162542455
7.85322658903445
7.80397865114022
7.72658903444929
7.80397865114022
7.90950994662785
7.97986414361960
7.97986414361960
7.86729742843280
7.78990781174187
7.61402231926250
7.34667637069384
7.05118874332848
6.84012615235323
6.74866569626395
6.58685104318292
6.67831149927220
6.71348859776807
6.85419699175158
6.98083454633673
6.98083454633673
6.69238233867055
6.34061135371179
5.79888403687530
4.84910237748666
4.44104803493450
3.82896652110626
3.24502668607472
2.89325570111596
2.87214944201844
2.91436196021349
3.03396409509947
3.03396409509947
2.90732654051431
2.68219311014071
2.40781174187288
2.16860747210092
1.51431344007763
0.895196506550217
0.240902474526930
-0.786268801552644
-0.969189713731200
-1.69383794274624
-2.16521106259098
-2.41848617176128
-2.82654051431344
-3.05870936438622
-3.22755943716642
-3.41751576904415
-3.55822416302766
-3.60043668122271
-3.71300339640951
-3.80446385249879
-3.86778262979136