19.7010463378176
19.5050656037203
20.4849692742069
20.5829596412556
20.4849692742069
21.2688922105962
22.3467862481315
23.3266899186182
24.2086032220561
25.7764490948347
27.5402757017107
30.1860156120246
37.3393124065770
48.8041853512706
67.8143165587112
79.3771798704534
100.151137684770
110.440126224880
118.181365221724
127.000498256104
135.035708354094
150.910147815977
163.060953330012
167.862481315396
179.523334994187
185.794718485301
192.262082710513
196.279687759508
201.179206111942
205.784753363229
211.860156120246
215.583790068095
219.797375851188
226.166749709351
231.262248795881
234.103969440292
237.141670818801
239.689420362066
241.061285500747
244.098986879256
246.352765321375
253.212091014782
257.621657531971
262.815146985551
265.362896528816
267.616674970935
269.086530476665
270.948347450590
273.692077727952
279.473509383823
281.531307091845
283.001162597575
283.981066268062
284.373027736256
285.940873609035
290.644411227371
296.327852516193
299.855505729945
301.031390134529
308.282677296130
316.807839229364
319.355588772629
331.996346121907
337.189835575486
340.913469523335
346.008968609865
352.672313569175
355.808005314732
363.451253944527
370.800531473177
381.873442949676
389.222720478326
395.494103969440
399.805680119581
407.644909483475
417.247965454243
426.361069589769
433.612356751370
435.866135193489
438.217904002657
439.491778774290
443.019431988042
447.428998505232
453.210430161103
463.401428334164
471.926590267397
479.667829264242
486.233183856502
491.720644411227
493.680451752201
496.424182029563
498.579970104634
501.225710014948
504.067430659359
506.125228367381
508.868958644743
511.906660023252
517.100149476831
521.313735259924
529.250954990865
536.502242152466
542.871616010630
552.474671981398
561.293805015778
570.112938050158
585.987377512041
595.198472014616
600