-0.0218340611353689
-0.800582241630277
-1.14264919941776
-1.69577874818049
-2.03056768558952
-2.50363901018923
-3.07860262008734
-3.56622998544396
-3.95196506550218
-4.29403202328966
-4.61426491994178
-4.86899563318777
-5.32023289665211
-5.36390101892285
-5.37117903930131
-5.29839883551674
-5.21834061135371
-5.07278020378457
-5.05822416302766
-5.13828238719068
-5.22561863173217
-5.51673944687045
-5.86608442503639
-6.12081513828239
-6.52110625909753
-6.65211062590975
-6.65211062590975
-6.57933042212518
-6.38282387190684
-6.04803493449782
-5.50946142649199
-5.23289665211063
-4.94177583697234
-4.49781659388646
-3.94468704512373
-3.55895196506550
-2.85298398835517
-2.19796215429403
-1.81950509461426
-1.00436681222707
-0.196506550218341
1.22998544395924
1.77583697234352
2.24890829694323
2.26346433770015
2.19796215429403
2.04512372634644
1.73216885007278
1.28820960698690
0.502183406113538
0.633187772925766
0.829694323144103
1.04803493449782
1.28093158660844
1.60116448326055
2.51091703056768
2.54002911208151
2.53275109170306
2.52547307132460
3.02037845705968
3.47889374090247
3.53711790393013
3.25327510917030
3.07860262008734
2.98398835516739
2.78748180494905
2.74381368267831
2.80203784570597
2.73653566229985
2.27802037845706
1.35371179039301
0.822416302765649
0.509461426491995
0.429403202328967
0.356622998544395
0.371179039301310
0.363901018922853
0
-0.538573508005825
-1.22998544395924
-1.78311499272198
-2.90393013100437
-3.90101892285298
-4.72343522561863
-5.05822416302766
-5.08733624454149
-5.15283842794760
-5.41484716157205
-6.01164483260553
-6.53566229985444
-7.36535662299854
-8.24599708879185
-9.02474526928675
-9.97816593886463
-10.5458515283843
-11.1280931586608
-11.7103347889374
-12.1615720524017
-12.5109170305677
-12.8820960698690
-13.2023289665211
-13.4570596797671
-13.6972343522562
-14.0538573508006
-14.2503639010189
-14.6433770014556
-14.9344978165939
-15.1091703056769