0.315689079637579
-0.0848831664282308
-0.452074391988557
-0.832618025751074
-1.23319027181688
-1.49356223175965
-1.61373390557940
-1.67381974248927
-1.72722937529804
-1.80734382451120
-1.82069623271340
-1.84740104911779
-1.92083929422985
-1.90748688602766
-1.92751549833095
-1.93419170243205
-1.91416309012876
-1.98760133524082
-2.09442060085837
-2.22794468288031
-2.23462088698140
-2.38817358130663
-2.75536480686695
-2.98903195040534
-3.04911778731521
-2.76871721506915
-2.25464949928469
-1.54697186456843
-1.05293276108727
-0.231759656652358
0.649499284692418
1.56413924654268
2.25178826895565
2.77253218884120
3.08631378159275
3.26657129232236
3.15975202670482
2.90605627086314
2.77920839294230
3.12637100619934
3.66714353838817
4.32141154029566
4.63519313304721
5.27610872675250
5.87029089175012
6.19074868860277
6.23748211731044
6.33094897472580
6.24415832141154
6.01049117787315
5.76347162613257
5.77014783023366
5.79017644253696
5.77014783023366
5.47639484978541
4.82212684787792
4.44825941821650
4.38817358130663
4.27467811158798
4.27467811158798
4.20791607057702
4.17453505007153
4.06771578445398
3.90748688602766
3.65379113018598
3.55364806866953
3.13972341440153
2.69241773962804
2.37863614687649
1.91797806390081
1.60419647114926
1.44396757272294
1.45064377682404
1.32379589890319
1.27706247019552
1.21030042918455
1.06342393896042
1.03671912255603
0.783023366714353
0.556032427277060
0.389127324749644
0.228898426323319
-0.0247973295183570
-0.598950882212684
-0.639008106819269
-1.02622794468288
-1.51359084406295
-1.92751549833095
-2.26800190748688
-2.49499284692418
-2.64854554124940
-2.81545064377682
-2.93562231759657
-3.24272770624702
-3.52312827849309
-3.59656652360515
-3.90367191225560
-3.98378636146877
-4.01049117787315
-4.11731044349070
-4.26418693371483
-4.25751072961373
-4.33094897472580
-4.32427277062470
-4.48450166905103