21.2628487518355
21.1665850872899
21.1665850872899
21.1665850872899
22.0329580682004
22.1292217327460
23.3806493718388
23.1881220427476
24.6320770109316
26.5573503018437
26.4610866372981
28.7714145863926
32.4294338391255
37.6276717245880
46.4839288627835
54.9551313427965
63.6188611519008
73.4377549355523
81.2351117637461
88.9362049273944
104.242127590145
110.114211127427
122.917278511992
127.826725403818
144.191548376570
158.727361722956
166.909773209333
184.333496492087
185.199869472997
196.558981889378
202.527329091206
205.511502692119
209.939631261217
213.501386849405
216.100505792136
222.453907652146
227.267090879426
230.636319138522
236.893457333986
249.985315712188
255.087289933105
262.114537444934
265.002447381302
267.601566324033
272.799804209496
276.072768804046
278.575624082232
280.789688366781
282.426170664056
284.158916625877
285.410344264970
291.956273454071
304.085495186817
311.882852015011
318.236253875020
323.819546418665
331.328112253222
341.243269701419
351.350954478708
363.576439875999
364.154021863273
376.668298254201
387.738619676946
401.215532713330
406.798825256975
414.692445749715
428.361886115190
440.587371512482
442.993963126122
447.518355359765
449.251101321586
449.636155979768
453.582966226138
456.278348833415
462.150432370697
466.674824604340
474.664708761625
484.098547887094
490.163158753467
490.548213411650
495.265132974384
499.211943220754
500.559634524392
504.602708435308
508.356991352586
519.234785446239
524.529286996247
533.578071463534
540.797846304454
548.402675803557
568.329254364497
575.260238211780
583.153858704520
589.603524229075
597.400881057269
599.711209006363