0.0143061516452043
-0.529327610872677
-0.894134477825464
-1.15879828326180
-1.40915593705293
-1.92417739628040
-2.37482117310443
-2.65379113018598
-3.30472103004292
-3.85550786838341
-4.04864091559370
-4.61373390557940
-5.08583690987125
-5.52217453505007
-5.85121602288984
-5.96566523605150
-6.09442060085837
-6.16595135908441
-6.23748211731044
-6.28040057224607
-6.36623748211731
-6.36623748211731
-6.48068669527897
-6.53791130185980
-6.82403433476395
-7.12446351931330
-7.40343347639485
-8.09728183118741
-8.12589413447783
-8.61945636623748
-8.66952789699571
-8.62660944206009
-8.30472103004292
-7.84692417739628
-7.50357653791130
-6.61659513590844
-5.98712446351931
-5.58655221745351
-4.67811158798283
-2.11015736766810
-1.51645207439199
-1.15879828326180
-1.13018597997139
-1.23748211731044
-1.60228898426323
-1.88125894134478
-2.00286123032904
-1.90987124463519
-1.67381974248927
-1.43061516452075
-1.16595135908441
-0.178826895565091
0.650929899856937
1.23748211731044
1.48068669527897
1.49499284692418
1.38769670958512
0.994277539341919
0.400572246065806
0.121602288984263
0.107296137339056
-0.450643776824034
-1.33047210300429
-2.06008583690987
-2.27467811158798
-2.62517882689557
-2.91845493562232
-3.38340486409156
-3.53361945636624
-4.34191702432046
-4.77110157367668
-4.90701001430615
-5.65092989985694
-6.18025751072961
-6.63805436337625
-6.79542203147353
-7.11731044349070
-7.66094420600858
-8.08297567954220
-8.15450643776824
-8.73390557939914
-9.45636623748212
-9.75679542203147
-10.4005722460658
-11.0300429184549
-12.2818311874106
-12.8755364806867
-13.7267525035765
-14.0343347639485
-14.3490701001431
-14.9070100143062
-15.1430615164521
-15.3433476394850
-15.5364806866953
-15.6866952789700
-15.7653791130186