0.389007851534615
-0.164168451106352
-0.628122769450393
-0.877944325481796
-0.931477516059957
-0.824411134903638
-0.610278372591004
-0.449678800856532
0.0499643112062813
0.353319057815845
1.97715917201999
2.69093504639543
4.51106352605282
5.17130620985011
7.41970021413276
8.22269807280514
10.4354032833690
11.0956459671663
12.6302640970735
13.4689507494647
14.4860813704497
15.8957887223412
16.7880085653105
17.3590292648109
18.9650249821556
21.0171306209850
22.9086366880799
25.8529621698787
26.9236259814418
27.9586009992862
29.6359743040685
30.9743040685225
32.7765881513205
34.0078515346181
34.9536045681656
35.8815132048537
36.9343326195575
38.0228408279800
38.6652391149179
38.7901498929336
38.5581727337616
38.5581727337616
39.1827266238401
39.9678800856531
40.6995003568879
41.1812990720914
41.1991434689508
41.4489650249822
41.2526766595289
40.8065667380443
40.5032119914347
40.6459671663098
40.7708779443255
40.9671663097787
40.7708779443255
40.4675231977159
40.3604568165596
40.1106352605282
40.3247680228408
40.1820128479657
40.3426124197002
39.8429693076374
39.1827266238401
38.9864382583869
39.2719486081371
40.0214132762313
39.7715917201999
38.8972162740899
37.3625981441827
35.9528907922912
32.0271234832263
29.9036402569593
28.5831548893647
27.7266238401142
27.1377587437545
25.6031406138473
24.2469664525339
23.6224125624554