18.4587813620072
19.9967416096448
22.6881720430108
25.7640925382861
31.2430759204953
36.7220593027045
42.3932877158684
47.5839035516455
55.9465623981753
62.7712609970675
85.4561746497230
93.9149560117302
114.389051808407
122.463343108504
145.148256761160
153.799283154122
176.195829260345
184.558488106875
203.975236233301
210.703812316716
216.278918214402
223.199739328772
228.101987618117
231.754643206256
240.886282176605
247.999348321929
254.055066797002
261.168132942327
263.475073313783
265.493646138807
268.761811665037
271.933854675790
278.662430759205
285.294884327142
288.466927337895
290.293255131965
292.119582926035
294.138155751059
296.829586184425
298.944281524927
302.116324535679
304.903877484523
308.460410557185
312.497556207234
317.015314434669
320.956337569241
326.627565982405
333.836754643206
341.814923427827
347.197784294558
354.983708048224
362.096774193548
368.729227761486
376.226783968719
385.935158031932
396.700879765396
416.790485500163
447.549690452916
452.163571195829
453.413163897035
461.583577712610
468.600521342457
476.290322580645
479.077875529488
484.172368849788
491.189312479635
498.686868686869
504.934832192897
510.413815575106
514.258716194200
523.678722710981
529.638318670577
536.847507331378
549.055066797002
557.129358097100
578.756924079505
591.829586184425
600.096122515477