18.4587813620072
19.5161290322581
20.3812316715543
21.1502117953731
23.3610296513522
25.8602150537634
36.7220593027045
39.3173672205930
49.1218637992832
53.8318670576735
55.8504398826979
71.2300423590746
76.4206581948518
88.7243401759531
96.0296513522320
106.314760508309
114.869664385793
126.981101335940
150.434995112414
164.084392310199
181.001955034213
195.035842293907
205.032583903552
217.240143369176
222.334636689475
229.351580319322
232.811990876507
235.984033887260
240.213424568263
243.577712609971
246.942000651678
259.437927663734
266.358748778104
268.473444118605
272.798957315086
278.181818181818
284.718149234278
287.697947214076
288.659172368850
290.101010101010
293.657543173672
296.252851091561
300.866731834474
303.846529814272
306.730205278592
309.229390681004
312.785923753666
317.495927012056
322.013685239492
325.762463343108
335.182469859889
340.180840664712
342.007168458781
348.543499511241
355.464320625611
363.154121863799
376.322906484197
380.360052134246
387.761485826002
393.721081785598
407.851091560769
417.655588139459
424.384164222874
443.416422287390
457.546432062561
463.698273053112
473.791137178234
477.924405343760
481.288693385468
487.921146953405
491.189312479635
495.610948191593
499.648093841642
505.415444770284
507.626262626263
512.047898338221
514.931573802542
518.488106875204
520.795047246660
524.639947865754
526.658520690779
530.887911371782
535.309547083741
547.036493971978
558.378950798306
563.569566634083
569.240795047247
578.660801564027
585.197132616487
599.807754969045