0.0392576730906491
-1.26338329764454
-1.81655960028551
-2.67309064953605
-3.40471092077088
-3.90435403283369
-3.83297644539615
-3.63668807994290
-2.79800142755175
-2.35189150606709
-2.17344753747323
-0.549607423269091
0.0392576730906491
1.53818700927909
2.43040685224839
3.66167023554604
4.71448965024982
6.03497501784440
8.58672376873661
10.0321199143469
11.5667380442541
12.4054246966453
13.1727337615989
15.3675945753034
16.4025695931478
17.9728765167737
18.4189864382584
18.9543183440400
19.9179157744468
20.8458244111349
22.0235546038544
27.1448965024982
30.7494646680942
32.3197715917202
34.4075660242684
35.7102069950036
36.7808708065667
37.3875802997859
38.0656673804425
39.0827980014276
41.0635260528194
42.1163454675232
41.6523911491792
41.5810135617416
41.8308351177730
42.2055674518201
42.8479657387580
43.7223411848680
43.9007851534618
43.7580299785867
43.5438972162741
43.0799428979301
42.9728765167737
42.2769450392577
41.5810135617416
41.4382583868665
41.3668807994290
41.1349036402570
40.7066381156317
40.2248394004283
39.5824411134904
39.2433975731620
38.9935760171306
38.4403997144897
38.2619557458958
38.1192005710207
36.7273376159886
36.5132048536759
36.1741613133476
36.8879371877231
37.1912919343326
36.8165596002855
36.6381156316916
35.4960742326909
34.8179871520343
33.2119914346895
31.8915060670949
29.9821556031406
28.7865810135617
26.8950749464668
26.0563882940757
24.5753033547466
23.3975731620271
22.0413990007138
20.9350463954318
20.3818700927909
19.8822269807281
18.8115631691649
18.0085653104925
16.2241256245539