20.1740686513747
22.7655767040833
26.5088661135513
31.2119733203189
36.4909712054661
42.4418415487230
48.0087847730600
57.7029445257849
74.1158288596063
78.3390271677241
85.7296242069302
91.3925492109972
97.8233284529039
104.254107694810
112.124613632666
118.075483975923
126.041971693509
132.664714494876
140.055311534082
149.557507727347
162.994956889540
173.936879778754
186.126565804457
194.764925980153
199.755978526110
206.474703107207
211.561737432894
216.648771758581
224.231332357247
228.454530665365
234.597364568082
240.356271351879
244.291524320807
248.706686188385
251.106230681633
252.641939157312
255.041483650561
255.329428989751
257.345046364080
258.784773060029
260.128517976249
261.472262892468
262.144135350578
264.159752724906
267.999023914104
271.934276883032
284.699853587116
290.362778591183
298.041320969579
324.532292175045
332.114852773711
339.313486253457
350.447372702131
357.933951521067
373.578981617049
384.424922726533
394.790954937368
427.904668944200
439.998373190174
459.482674475354
471.960305840247
491.828534244347
499.411094843013
505.170001626810
513.136489344396
518.607450789003
532.908735968765
545.962258012038
556.040344883683
564.486741499919
570.341630063446
580.035789816170
588.770131771596
594.912965674313
600.191963559460