0.338081671415004
0.0113960113960125
-0.186134852801519
-0.421652421652421
-0.535612535612536
-0.641975308641975
-0.641975308641975
-0.664767331434000
-0.679962013295345
-0.573599240265906
-0.528015194681860
-0.482431149097817
-0.383665716999051
-0.300094966761634
-0.208926875593541
-0.201329534662868
-0.0797720797720807
0.0113960113960125
0.0797720797720807
0.110161443494778
0.0797720797720807
0.0265906932573614
0.0417853751187067
0.0189933523266852
0.201329534662868
0.611585944919277
1.01424501424501
1.39411206077873
2.09306742640076
2.51092117758784
3.17188983855651
4.09116809116809
4.69135802469136
5.55745489078823
5.96011396011396
6.47673314339981
7.30484330484331
7.69230769230769
8.33808167141500
8.88509021842355
9.13580246913580
8.90028490028490
8.48243114909782
8.03418803418803
7.63152896486230
7.47198480531814
7.54795821462488
7.69230769230769
7.88983855650522
8.39886039886040
8.63437796771130
8.84710351377018
9.06742640075974
9.14339981006648
9.14339981006648
9.19658119658120
9.32573599240266
9.50047483380817
9.69040835707503
9.93352326685660
10.1386514719848
10.0778727445394
9.87274453941120
9.81196581196581
9.74358974358974
9.60683760683761
9.61443494776828
9.60683760683761
9.68281101614435
9.65242165242165
9.78157644824311
9.85754985754986
9.90313390313390
9.98670465337132
10.0322886989554