20.1740686513747
21.9977224662437
24.0133398405726
26.1249389946315
29.1963559459899
31.2119733203189
35.0512445095168
40.3302423946641
45.1293313811615
49.8324385879291
52.4239466406377
61.8301610541728
69.9886123312185
94.3679843826257
102.910362778591
110.780868716447
118.459411094843
128.633479746218
136.887912802993
142.742801366520
150.613307304376
168.177972994957
173.552952659834
178.064096307142
182.191312835530
188.334146738246
196.876525134212
205.514885309907
210.313974296405
219.336261591020
226.822840409956
231.238002277534
236.325036603221
241.795998047828
245.635269237026
248.130795510005
251.778103139743
253.505775174882
255.329428989751
257.441028143810
259.840572637059
261.280299333008
262.336098910037
265.791442980316
268.478932812754
273.374003578982
277.981129006019
289.210997234423
305.911826907434
320.309093866927
336.530014641288
343.056775662925
351.503172279161
357.837969741337
364.268748983244
373.387018057589
379.913779079226
391.431592646820
396.998535871157
407.940458760371
412.259638848219
420.034163006345
427.328778265821
436.926956238816
448.156824467220
457.946965999675
464.569708801041
476.087522368635
480.694647795673
486.453554579470
503.922238490320
512.080689767366
536.556043598503
544.906458435009
557.672035139092
564.198796160729
578.979990239141
589.442004229706
600.095981779730